	(1)	(2)	(3)	(4)	(5)
	modelo_1	modelo_2	modelo_3	modelo_4	modelo_5
VARIABLES	VIS10MIL	VIS10MIL	VIS10MIL	VIS10MIL	VIS10MIL
					
proporcionareaexpansion	1,176***	1,003***	1,078***	954.4***	1,343*
	(259.2)	(242.9)	(251.7)	(275.5)	(719.1)
IPM_urb		-14.88**	-14.70**	-12.25*	-31.40
		(6.445)	(6.685)	(7.070)	(25.61)
Defcuant2005		3,607***	3,394***	3,244**	4,412
		(1,220)	(1,245)	(1,258)	(2,610)
HHI2013			0.0282	0.0236	0.0354
			(0.0202)	(0.0203)	(0.0506)
Valorsuelo_e			-0.00382	0.00196	-0.0167
			(0.0244)	(0.0267)	(0.0829)
ULTIMOPOT				3.256	8.474
				(14.51)	(46.78)
MODEXCEPCIONAL				298.2	212.0
				(217.7)	(508.5)
Alineadoalc_con				187.7	124.1
				(184.2)	(476.3)
2.Aglo					1,656
					(1,440)
3.Aglo					1,739
					(1,496)
4.Aglo					1,742
					(1,154)
5.Aglo					1,025
					(1,244)
6.Aglo					857.2
					(1,156)
7.Aglo					2,374
					(1,832)
8.Aglo					1,599
					(1,224)
9.Aglo					2,016
					(1,548)
10.Aglo					726.6
					(1,476)
11.Aglo					1,760
					(1,215)
12.Aglo					1,233
					(1,524)
13.Aglo					1,341
					(1,638)
14.Aglo					1,293
					(1,352)
15.Aglo					1,167
					(1,613)
16.Aglo					1,243
					(1,384)
17.Aglo					1,283
					(1,476)
18.Aglo					1,229
					(1,310)
19.Aglo					2,184
					(1,471)
20.Aglo					1,266
					(1,407)
21.Aglo					1,211
					(1,392)
22.Aglo					1,628
					(1,278)
23.Aglo					1,408
					(1,478)
24.Aglo					674.9
					(1,669)
25.Aglo					1,371
					(1,316)
26.Aglo					1,752
					(1,494)
27.Aglo					1,340
					(1,541)
28.Aglo					1,338
					(1,452)
29.Aglo					1,059
					(1,559)
30.Aglo					1,882
					(1,341)
31.Aglo					595.0
					(1,374)
Constant	122.0	265.4	178.6	-6,580	-17,857
	(122.6)	(281.4)	(417.6)	(29,117)	(93,682)
					
Observations	52	52	52	52	52
R-squared	0.292	0.452	0.475	0.512	0.694
Standard errors in parentheses					
*** p<0.01, ** p<0.05, * p<0.1					
